00000000000000001001000000000001000100001000010010000010000101000000010101111110111010000100010100101011011111111111111111111101
00000101010110100100100101011010010001010010101000101000101000101010000101010011010101000001001010101101111110111110101101101110
00010010001001010010010001101101000100001001000010000010000110000101010010101101101010010000100001010101010111111011111111111011
00001000100000001001000010110111010001010000101001010101010101101001010000101010010100100101001010010110111111101110111111101111
11000010010101010100100011011101100010001010100101010010101010101000100101010011001000001000100001010011101110111011111011111111
00010100000010000010100101111110101001010010010101010100101010101010101000010100100010101010010010101010111111111111111111011011
01001001010100101000100011110111010000100001010101010111111111010101011011001010010100101001010100010101101111101011101111111111
00100010000010101010010110111011101010001010010010111110101111111011101101101001001010010111101011010110111101111110111111101101
00010001001000100010100011101110100001001010101011011011111011110100110110110100100001011010110100101001111111101011111101111111
11010100100101001001000010111011101010101010101111111100101010101011011011011010001010111101011010101011011011111110111111101111
00110010010001010100100101010110000001010101010010101011010110110101000101110101010011101111101101010101111111110111101101110111
11011000001000100010000000101001010101001001001101110101011010101100111010111010100100111111110101001010101011111101011110101111
10101010010101001001010101000100101010101101101011101010101010101011001010101111000011110111111101010101011111011111110101111101
11010101000000100100000010101010101010110100110111010010101001010111101010110101010101011111011010100101011011111010101111011011
11101011010000010010100001010111010101101011011101101010010100101001110001011101101001110111111010101001101011111111111101111111
00101010110101001000010011011010110111011010101100000101010101010101011100100110100100101101011101010100101010111111111111110101
11011010101110100111010001101010101101101101110010101000101010100101101011010011011010110111110101010101010111101101101111011101
11011110101111111010110001011101111110101011000000010101001011010010110101101001100101010101010101101001011001111111111011110110
01001011010100101111010100110110101010101010101010101011110101011010010110101010101001010110101010101010100110110110111101010100
00101011110101110001010000101011011010110101000001010101011010101101010101010100010100101010010110101000011011101011101110110101
11010001011010101111011000110101101010101110010101110110101010101010101101110101001010010010101010100110101010111010110010100101
00110100101110110010110000010110101010111110100101010101110110101101010110110101100101001010101010101010101010000101011010010100
11010101010010111011000010011010110101111101000101011010111010110110101101011110001010101001001010100101010101011010100101001010
11010110000101011010100000010101110101010111010101101101011101001010101101111010100101000101010101010001010010101010010010010010
11101010110101010011001001011111010001111010101010110101010110101101010110101110101010101010101010001010010100101010101000101001
00111101011110111010100000010101000100101110010101010101010101010101111011110101001010101010101001101001010101010101010101010101
11010110100011011001000100111010101010101001001010101010101011010110101101011010110101010100010010010101010101010100101001000100
11110111111101101011100000001001000000101010101111101101010101010110101111010101010101010101101010100100101001001010010100010010
10111010101110111000001001010010010010000100010010110101010010101001101010101001101011101110101010010101010101010101010010101011
01011111010101101001000000010101000001010001011111010110100110010101010110110110101110111011010101101010100100101010101001011111
00000101111011010100100010000010001000100100101011101101110001010101011011010101010111011101110110000100110101010100101010111111
00110010101101010000001000101001010010010010101101110110101010001010101010010101011101010110111010110010010101001011010111101101
00101010100101010100000000000100001000001001010101010101011001100011010001001011100110101001011010101010101010101011111101111111
01011100010010101000010010010001010010100100100110110101110110010000010110110100101001010100101101010010101001011110111111101111
00111010100101010001000000000100001001010010101011011010101101101010001001010110101010010101010101010100010101110111101111111011
01111101001011111100000101000010101010010111010110101110111010101011100101001010110101101010101101001011010111111101111101111111
01101100101011011000010000010000101010101101111011010101101010101101010100110010010110101010110110100100101110110111110111110101
00111010010111111101000000000110010101101111101101101010110101110101110110101010101011010101011010100101001111111110111111101111
00101010101011101100000100100100101011011110111111010101011110010101010010010101011110101011101010100100111010111011111110111011
00100100100110111101000000000001000101111111111111101010000101101110101001101000101011101101101011010011111111101111101111010110
00010010010111111010001001010010010111111111111101101010101010100001000101010101011100101010101101000101011010111010111010111101
01010001010010111000100000000101011010110111101111110100101011001000101010010100101011010101010101001011111111010111101101110101
00001010101011010100000010000010101011111111111111110010001010101010101001000101010111101101011010001111101101111001011011000000
00100000010100101000000000010001010111111110111111011001010011101010010100101010010100110110101010101010111111101101100100000000
00010101010001000001001001000101001011111011111111101100101000010101010010010101010101011011010100111111110110110100110000000100
00001000100100101000000000000010010101101111111011010101010101010101001001000001010110100100101011101110111101010101001000100000
00100110010010100001000000010000100111111111101111110101010101010101010101011010111011010101010111011101101110101010100010000000
00010101000100010000010010000101001001111111111111101010111001001010100010110101010111111111111101110111101001101100000000000100
00101010100001010010000000010010100110111111111111011010010101010101001101111111011111111111101111011101011011010000001000000000
01011111110100100000010000000001001001110110111101101011010111111110101111010101101101110101011011110111001101011001000001000000
11100101011010101000000100010010001001011111110110101101111010101101011011111111011111011010110101001000110101100000000000001000
11011011101100100000100000000000101001111011101101111110101101110111010111011110111010110111011010101011011010000100010000000000
00100101110110100000000010010100010010010110110111101011101111011101111101100011110111111101101010101100100000000000000010010000
11010101111110101000001000000010001001001001011010111110111101101011010110011010011010010111010101000000000000100001010100100100
11010110101011010001000000000001010000101110111111101011010100101110111010100101010001000010000000100100001000000100000001000000
00100010111101101000000000010100000010101011010101110101010101111010100101010100000100000000110110000001000000010001010100010010
10011010101110100000000101000000010000110101110110001101010101101010011011000000010010010010001000010000000010000100000010000100
11010101010010101000010000000100000000010101011010100101001010100101010100001010001001000000000001000100010000101001010000100000
00101010101101010001000000100000100101001011101010010100101000010010101000100000100000010001000100000001000010000010001010010100
00000010100010101000000000000100010000000101010101010010110111010101010010010101001010000000010000010000010000101001010010000000
00010010011010101000000001000000000000010010001010010100000101010100000001000010010000100100000010001010001001000100101001010100
00100001100101001100010000001000101001000000000100100000000001010010010101010000100010000001010001000001000000010010010100000000
00010110010010110000000000100010000000000101010010001001001000100000100100001010001000101010001000101000100100010101001001010010
00100001001000101001000010000000000100100000010001010010000000000100010010101000100010001001010100010100010001001001010100000000
00001100101100010100000000000000010000000100000100000000100101010010101010100100001001010000001010100101001010010100001001001010
00000000000001000000000000100010000001000000100000001000010000001000000100000001000001000100100010001000100100001010100100000000
00000001001000000000010010000000000000001000000100100010001101000001010010010010010100000100000000000000000010000100000001101010
00000100000000000000000000000010000100100001010000000000000010101010001010010101000101010010001000101000100000101001001010001000
00010000000000001000000000010000100000000000000000010000100101010100100101010100100100001001010010101010010101000010101001010010
00000000010001000000100100000100000100000100000101000010000000100010010010010010010010100100001010100101100000010001001010000000
00000000000000000001000001000000001000000000100000000001010100000001001010101001001000000000100100010010100100100100000101010100
00000100000000000000000000000000010000010000001000001000100010010010000000110010100101010100000000000010000010001011010100010000
00010000100100010000000100000101000000000010000010000010011001000001001001000001010000001001000000000000001000000010000000100100
00000000000000000001000001010000000100100000010000101001000000101000100000000000001011010010010010100010010010101001010000001000
00000000000000000000000100000000010000000001000010000000000100011101001110010000100100001000001000001000000001000001001001000010
00001001001001000100000000000000000000010000000000010100100001010000100100001010010000100000101010000000001000010000000001010000
00000000000000000000000000100010001001000000001000000001001000000100010100000100000000000010000001001001000001010100101010000100
00010001000000000000010001000000000000000100100000010000000010010100100100100010010010010000001101010000000000000100000000000000
00000000000100010001000000000010000010000000000010000000000001010000101000010000000000010010100000000000000100100000000000000000
00000000000000000000000000000000000000000000000000000000000000000000000100000000000000000000000000000100000000000000000000000000
